Theta : 29.999805°
Theta : 0.523595 rad
M     : 0.03000055
X     : 54.998766
Loss  : 0.02672840
